A = [
       1    1    1    1    0    0    0    0    0    0    0    0;
       1    5   25  125    0    0    0    0    0    0    0    0;
       0    1   10   75    0   -1  -10  -75    0    0    0    0;
       0    0    2   30    0    0   -2  -30    0    0    0    0;
       0    0    2    6    0    0    0    0    0    0    0    0;
       0    0    0    0    1    5   25  125    0    0    0    0;
       0    0    0    0    1    6   36  216    0    0    0    0;
       0    0    0    0    0    1   12  108    0   -1  -12 -108;
       0    0    0    0    0    0    2   36    0    0   -2  -36;
       0    0    0    0    0    0    0    0    1    6   36  216;
       0    0    0    0    0    0    0    0    1    8   64  512;
       0    0    0    0    0    0    0    0    0    0    2   48;
];

B = [
    1;
    2;
    0;
    0;
    0;
    2;
  2.5;
    0;
    0;
  2.5;
    3;
    0;
];

format rat, X = A\B